3
7
5
13
9
25
24
56
120
248
250
242
498
1010
2034
2002
1938
1810
1814
1798
1799
1797
1805
1293
269
301
45
109
237
233
225
224
240
208
210
146
18
530
1554
1555
1811
1819
1803
1807
1839
1837
1901
2029
1005
493
492
236
204
196
132
148
144
1168
1040
1042
1043
1075
1083
1595
1659
1915
891
875
874
842
846
838
966
964
452
388
389
133
1157
1165
1197
1213
1085
1081
1080
1082
1146
122
634
602
594
850
834
835
771
769
897
901
909
1933
1421
1453
1452
1196
1198
1262
1278
1150
126
118
86
82
80
81
593
529
657
913
921
905
1929
1928
1960
1962
1450
1454
1326
1070
1062
1126
102
70
71
87
85
213
209
217
729
665
664
920
922
954
1978
1850
1834
1826
1314
1315
1319
1063
1061
1125
101
69
77
76
92
220
216
218
730
666
658
914
915
899
1923
1955
1827
1825
1313
1317
1316
1324
1068
1132
108
124
252
254
222
214
215
211
723
659
531
787
785
793
1817
1801
1800
1804
1836
1900
1388
1516
1260
1252
1254
230
226
162
163
179
51
19
27
283
795
799
797
796
860
1884
1868
1612
1740
1732
1728
1760
1248
1184
1185
1187
1203
1211
1467
443
315
319
287
286
350
342
854
598
582
580
576
577
513
1537
1665
1673
1705
1193
1209
1465
1464
1466
1470
1534
510
382
366
334
326
327
325
837
581
517
533
565
561
560
1584
1712
1714
1202
1210
1178
1162
1163
1419
1483
459
331
335
333
349
341
373
885
884
628
564
566
550
546
1570
1698
1666
1154
1218
1226
1224
1225
1241
1497
473
345
281
285
317
309
293
805
807
551
615
614
742
710
1734
1730
1738
1754
1242
1240
1112
1048
1049
1305
1297
1329
305
289
291
295
294
422
934
678
686
750
718
716
717
589
1613
1629
1117
1113
1105
1107
1106
1362
1298
1330
1458
434
418
416
417
421
933
677
685
557
525
527
591
590
586
1610
1626
1114
1370
1368
1360
1488
1424
1425
1457
433
437
181
165
167
175
687
559
558
526
1550
1614
1630
1622
1878
1874
1872
1873
849
337
321
449
457
489
425
169
168
172
188
1212
1214
1086
1078
1590
1558
1559
1543
519
583
839
847
843
841
329
328
456
472
504
1528
1272
1208
1200
1201
1205
1207
1079
55
567
535
791
775
774
770
768
832
840
872
1896
1384
1512
1256
1257
1259
1263
1279
255
191
159
151
23
21
20
532
528
784
816
1840
1824
1832
1833
1897
1899
1387
1515
491
235
203
207
199
198
134
150
662
660
692
1716
1588
1589
1585
1841
1849
1337
1321
1289
1353
1352
1354
330
458
450
454
470
982
726
727
759
695
693
701
573
569
1593
1577
1065
1033
1032
1034
1290
1282
1286
1350
1366
1398
1526
502
500
501
1013
757
741
709
705
713
585
521
520
522
538
1562
1050
1306
1338
1342
1334
1332
1333
1397
1525
1509
485
453
461
973
975
719
655
651
523
555
554
570
58
50
1074
1072
1136
1104
1108
1364
1348
1349
1477
1479
1991
967
903
911
943
939
683
681
697
696
568
632
1656
1144
1148
1116
1118
1110
1094
1095
1351
1287
263
259
387
419
435
947
945
944
952
956
700
764
636
620
1644
1645
1133
1101
1093
1089
1091
1027
1155
1171
1427
403
402
406
414
446
958
830
814
812
813
877
621
613
609
1633
1121
1137
1265
1233
1232
1234
1170
1174
1182
1166
1422
398
270
271
783
779
777
809
801
817
881
625
624
752
756
1780
1268
1236
1220
1222
1158
1030
1038
1039
1035
1291
267
299
297
313
825
889
1017
1009
1008
976
720
724
1748
1684
1686
1670
1671
1159
1167
1199
1071
47
43
107
363
361
353
352
320
336
340
852
788
1812
1940
1941
1685
1693
1689
1691
1723
1707
1195
1194
1258
234
106
98
354
358
356
324
836
772
773
789
917
925
927
1951
1439
1183
1179
1243
1115
1147
1131
1123
1122
1120
96
608
544
548
676
932
900
902
910
926
990
986
987
475
1499
1371
1369
1401
1145
1149
1141
1077
1076
1060
36
38
6
518
514
642
643
707
963
961
969
1993
2009
2041
1529
1533
1405
1404
1340
316
318
62
46
42
34
35
99
67
579
1603
1731
1729
1733
1749
1757
2013
2012
1948
924
412
408
440
312
296
298
362
1386
1378
1890
1634
1635
1639
1607
1605
1541
1669
645
661
149
145
153
152
154
410
282
314
378
890
894
878
1902
1894
1892
1636
1637
1765
1253
1221
1217
1153
129
131
139
155
667
539
571
827
826
824
828
820
308
372
1396
1380
1508
1476
1478
1474
1475
1219
1227
1739
1611
1547
1545
1561
537
536
540
572
60
52
180
436
438
439
423
487
483
995
2019
1891
1859
1857
1601
1609
1608
1096
1100
1036
1052
28
30
158
190
182
694
950
946
1970
1971
1969
1953
2017
1505
1377
1385
1129
1097
73
72
74
78
14
142
654
670
1694
1695
1687
1719
1975
1847
1843
1907
1905
1393
369
368
376
360
104
232
200
136
140
141
653
1677
1679
1551
1567
1599
1591
1655
1911
887
886
374
370
338
466
464
400
384
392
1416
1160
1192
1704
1708
1709
1581
1583
1647
623
639
607
599
595
83
339
275
273
272
304
432
1456
1440
1444
1956
1958
1966
2030
1998
1742
1743
1615
1103
1119
95
91
89
121
57
49
177
161
673
929
928
896
898
962
1986
1990
1862
1870
1886
1374
1375
1311
1343
1087
63
61
189
185
184
176
160
672
736
704
706
578
1602
1858
1866
1867
1871
1887
1885
1373
1501
477
413
445
444
428
420
164
166
1190
1186
1058
1059
1571
1587
1651
1619
1617
1625
601
600
856
984
968
972
460
396
1420
1412
1414
1446
1447
1463
1335
1399
1143
119
115
123
635
619
617
616
584
712
648
640
644
1668
1924
1926
1942
1430
1302
1303
1299
1307
1339
1403
379
377
505
249
253
765
749
748
684
652
524
516
1540
1536
1538
1026
1090
1346
1347
1363
1491
467
471
503
511
447
959
957
941
940
936
680
552
1576
1568
1632
1600
1616
1620
1621
1109
1111
1239
1175
1431
407
391
399
395
394
426
490
1002
746
744
1768
1640
1641
1657
1649
1653
1909
1845
1813
1301
277
276
278
262
390
386
130
194
202
714
715
747
745
1769
1773
1789
1661
1917
1916
1908
1910
1846
822
310
306
274
258
266
264
265
393
137
201
205
1229
1245
1247
1759
1751
1783
1782
1778
1650
1586
562
818
802
800
808
776
780
268
332
1356
1357
1359
1487
1231
1223
1255
1271
247
243
755
691
689
688
656
912
1936
1808
1816
1304
1288
1292
1294
1295
1327
1391
367
111
239
231
227
739
738
754
722
1746
1744
1680
1552
1560
1564
1820
1308
1309
1341
1325
1389
365
357
359
871
870
998
994
930
674
682
650
1674
1690
1688
1176
1177
